                                     __________________________________________________________                                     


                                                       The COMPARE Procedure                                                        
                                                Comparison of OLD.WIIS with NEW.WIIS                                                
                                                           (Method=EXACT)                                                           
                                                                                                                                    
                                               Value Comparison Results for Variables                                               
                                                                                                                                    
                                     __________________________________________________________                                     
                                                ||       Base    Compare                                                            
                                            Obs ||     FEEDUE     FEEDUE      Diff.     % Diff                                      
                                      ________  ||  _________  _________  _________  _________                                      
                                                ||                                                                                  
                                             1  ||       2715       2715  4.547E-13  1.675E-14                                      
                                             3  ||       1925       1925  2.274E-13  1.181E-14                                      
                                             6  ||       7598       7598  9.095E-13  1.197E-14                                      
                                             8  ||       6816       6816  9.095E-13  1.334E-14                                      
                                            10  ||       1837       1837  2.274E-13  1.238E-14                                      
                                            16  ||       2308       2308  4.547E-13   1.97E-14                                      
                                            18  ||       2098       2098  4.547E-13  2.168E-14                                      
                                            19  ||   183.0800   183.0800  2.842E-14  1.552E-14                                      
                                            21  ||   252.4900   252.4900  2.842E-14  1.126E-14                                      
                                            22  ||       3471       3471  4.547E-13   1.31E-14                                      
                                            23  ||       1156       1156  2.274E-13  1.966E-14                                      
                                            25  ||   149.2700   149.2700  2.842E-14  1.904E-14                                      
                                            26  ||   187.5900   187.5900  2.842E-14  1.515E-14                                      
                                            27  ||   169.7400   169.7400  2.842E-14  1.674E-14                                      
                                            29  ||   985.7000   985.7000  1.137E-13  1.153E-14                                      
                                            31  ||       3362       3362  4.547E-13  1.352E-14                                      
                                            35  ||       4831       4831  9.095E-13  1.883E-14                                      
                                            38  ||   220.3700   220.3700  2.842E-14   1.29E-14                                      
                                            40  ||   962.9700   962.9700  1.137E-13  1.181E-14                                      
                                            44  ||       6553       6553  9.095E-13  1.388E-14                                      
                                            45  ||       1812       1812  2.274E-13  1.255E-14                                      
                                            47  ||       4895       4895  9.095E-13  1.858E-14                                      
                                            50  ||   218.6800   218.6800  2.842E-14    1.3E-14                                      
                                            51  ||       1697       1697  2.274E-13   1.34E-14                                      
                                            54  ||   968.0900   968.0900  1.137E-13  1.174E-14                                      
                                            56  ||   304.9800   304.9800  5.684E-14  1.864E-14                                      
                                                                                                                                    
NOTE: The MAXPRINT=(50,500) printing limit has been reached. No more values will be printed.                                        
                                     __________________________________________________________                      
