PUBLIC ISLAMIC BANK BERHAD
SAVINGS ACCOUNT OPENED/CLOSED FOR THE MONTH AS AT 13/06/26



 BRANCH   CURRENT                 CURRENT                                                                   NET CHANGE NET CHANGE
           MONTH     CUMULATIVE    MONTH     CLOSED BY  CLOSED BY  CUMULATIVE   NO.OF                        FOR THE    YEAR TO
           OPENED      OPENED      CLOSED       BANK     CUSTOMER    CLOSED     ACCTS      TOTAL (RM) O/S     MONTH       DATE

       2           0         215           0          0          0         160        87         296,447.66          0         55
       3           0          68           0          0          0         105        80         292,793.05          0        -37
       4           0          86           0          0          0         176        52         565,319.76          0        -90
       5           0         760           0          0          0         199       115         722,622.30          0        561
       6           0         165           0          0          0         213        20          41,625.16          0        -48
       7           0         261           0          0          0         462       202         226,122.97          0       -201
       8           0         242           0          0          0         282        11           8,449.44          0        -40
       9           0         369           0          0          0         148        32         179,877.62          0        221
      10           0          54           0          0          0         157        21          21,170.13          0       -103
      11           0         111           0          0          0          99        20          26,963.73          0         12
      13           0         330           0          0          0         442        28          78,200.08          0       -112
      14           0         242           0          0          0         175        27          29,539.86          0         67
      15           0         254           0          0          0         256        24          32,655.24          0         -2
      16           0         248           0          0          0         446         9           6,782.74          0       -198
      17           0          85           0          0          0         141        23          62,247.13          0        -56
      18           0         166           0          0          0         289        12          26,026.63          0       -123
      19           0          60           0          0          0         113        12          77,476.35          0        -53
      20           0          66           0          0          0         118         9          11,105.41          0        -52
      21           0         573           0          0          0         313       123         271,993.64          0        260
      22           0         250           0          0          0         428        14          15,661.29          0       -178
      23           0         113           0          0          0         250        10          37,086.33          0       -137
      24           0         404           0          0          0         373        81         324,101.25          0         31
      25           0         383           0          0          0         459        22          42,354.80          0        -76
      26           0         104           0          0          0         163        37         111,694.33          0        -59
      27           0          88           0          0          0         175         5           8,916.61          0        -87
      28           0         395           0          0          0         203        23          33,849.53          0        192
      29           0          80           0          0          0         141        13          56,060.40          0        -61
      30           0         812           0          0          0         417        54         117,973.61          0        395
      31           0          99           0          0          0          86        11          17,151.40          0         13
      32           0         107           0          0          0          79         8          55,307.12          0         28
      33           0         217           0          0          0         260        43         197,663.47          0        -43
      34           0         492           0          0          0         184        29          79,915.35          0        308
      35           0          55           0          0          0         138        13          12,522.62          0        -83
      36           0          22           0          0          0         128        38          59,956.14          0       -106
      37           0          22           0          0          0         274        41          17,109.31          0       -252
      38           0         110           0          0          0         139        19           3,697.13          0        -29
      39           0         100           0          0          0          83        11          46,660.21          0         17
      40           0         292           0          0          0         163        74         157,046.06          0        129
      41           0          44           0          0          0          83         9           2,679.99          0        -39
      42           0         505           0          0          0         247        28          38,994.79          0        258
      43           0         255           0          0          0         346        12          79,646.21          0        -91
      44           0         403           0          0          0         324        51          41,003.06          0         79
      45           0         349           0          0          0         249        46         950,341.95          0        100
      46           0          66           0          0          0         159        13          32,448.08          0        -93
      47           0         212           0          0          0         197        21         116,154.46          0         15
      48           0         112           0          0          0         121        12          38,409.14          0         -9
      49           0         123           0          0          0         224        40         335,045.81          0       -101
      50           0         788           0          0          0         537        51         355,071.82          0        251
      51           0         173           0          0          0         167        10          27,090.98          0          6
      52           0         209           0          0          0         415        23          29,373.70          0       -206
      53           0         510           0          0          0         371        90         629,003.54          0        139
      54           0         141           0          0          0         391        18          68,578.52          0       -250
      55           0         180           0          0          0         176        60          16,145.24          0          4
      56           0          87           0          0          0         180        15          14,829.18          0        -93
      57           0         380           0          0          0         426        62         106,660.16          0        -46
      58           0         280           0          0          0         284        21          54,970.10          0         -4
      59           0         130           0          0          0         170        22           8,213.42          0        -40
      60           0          92           0          0          0         143        13           6,600.12          0        -51
      61           0         407           0          0          0         477        34         259,351.37          0        -70
      62           0         256           0          0          0         188        54          88,367.06          0         68
      63           0          84           0          0          0          95         6           4,265.38          0        -11
      64           0         199           0          0          0         141        36         118,465.25          0         58
      65           0         200           0          0          0         179        30          84,913.37          0         21
      66           0          36           0          0          0          50        25          43,384.87          0        -14
      67           0         182           0          0          0         256        27          48,328.02          0        -74
      68           0         426           0          0          0         514       101          81,618.19          0        -88
      69           0         119           0          0          0         302        67          92,458.22          0       -183
      70           0         151           0          0          0         214        11          91,533.30          0        -63
      71           0          90           0          0          0         128         9          17,088.92          0        -38
      72           0         137           0          0          0         190        64         128,543.03          0        -53
      73           0          73           0          0          0         111        11          25,317.68          0        -38
      74           0          68           0          0          0         150        23          26,551.99          0        -82
      75           0         226           0          0          0         137        33         112,957.22          0         89
      76           0          25           0          0          0         136        12          32,945.10          0       -111
      77           0         173           0          0          0         271        21          31,537.33          0        -98
      78           0          77           0          0          0         123         8          11,811.90          0        -46
      79           0         415           0          0          0         501        21          25,841.14          0        -86
      80           0         329           0          0          0         278        60         239,922.01          0         51
      81           0         445           0          0          0         391        77         164,072.00          0         54
      83           0          23           0          0          0          35        13          12,060.68          0        -12
      85           0         172           0          0          0         214        15          10,961.23          0        -42
      86           0         110           0          0          0          97        10          37,209.78          0         13
      87           0         217           0          0          0         135        16          16,993.52          0         82
      88           0         302           0          0          0         373        54          61,470.60          0        -71
      89           0         106           0          0          0         251        25          21,492.81          0       -145
      90           0          71           0          0          0         410        25          31,403.89          0       -339
      91           0         344           0          0          0         221        32         266,554.33          0        123
      92           0         155           0          0          0         133        22          56,642.27          0         22
      93           0         176           0          0          0         162        22          37,629.06          0         14
      94           0         161           0          0          0         318        35          54,497.31          0       -157
      95           0         484           0          0          0         214        32          51,429.47          0        270
      96           0         269           0          0          0         239        27          31,348.35          0         30
      97           0          43           0          0          0          64         7          51,499.02          0        -21
     102           0         200           0          0          0         153        16          15,030.32          0         47
     103           0          10           0          0          0         135         9          14,940.95          0       -125
     104           0         232           0          0          0         217        61         184,552.52          0         15
     105           0         276           0          0          0         159        18          42,255.02          0        117
     106           0         274           0          0          0         220        13           9,833.29          0         54
     107           0         248           0          0          0         173        54          29,166.99          0         75
     108           0          94           0          0          0          99         3             355.02          0         -5
     109           0         191           0          0          0         107         4           1,057.50          0         84
     110           0         429           0          0          0         465        46         113,601.01          0        -36
     111           0         248           0          0          0         245        35         136,837.33          0          3
     112           0          58           0          0          0         112        23          17,641.40          0        -54
     113           0          70           0          0          0         197        17          16,933.81          0       -127
     114           0          54           0          0          0         272        22         119,861.71          0       -218
     115           0          29           0          0          0         123        20          57,996.50          0        -94
     116           0         109           0          0          0         123        12           5,705.58          0        -14
     117           0         112           0          0          0         116        19          26,054.49          0         -4
     118           0         158           0          0          0         186        16          18,815.68          0        -28
     120           0          48           0          0          0          71        11          16,194.74          0        -23
     121           0          31           0          0          0         323        17          52,518.06          0       -292
     122           0         114           0          0          0         341        71         139,160.23          0       -227
     123           0         183           0          0          0         199        27          50,397.38          0        -16
     124           0         100           0          0          0         166        35         269,289.06          0        -66
     125           0         144           0          0          0         139        34          47,516.18          0          5
     126           0         222           0          0          0         166        43         115,033.05          0         56
     127           0          32           0          0          0         243        26          16,814.13          0       -211
     128           0          94           0          0          0          94        30          59,587.67          0          0
     129           0          82           0          0          0          66         7          15,338.48          0         16
     130           0         317           0          0          0         173        17          99,335.75          0        144
     131           0          53           0          0          0         106        28           7,807.19          0        -53
     133           0         106           0          0          0         186        12          19,647.60          0        -80
     135           0         462           0          0          0         297        75         305,473.72          0        165
     136           0          39           0          0          0         125        26         164,535.12          0        -86
     137           0         127           0          0          0         191         7           9,153.78          0        -64
     138           0         122           0          0          0         186        13         131,078.83          0        -64
     139           0         156           0          0          0         169        32          46,875.05          0        -13
     140           0         133           0          0          0         360        33         128,516.29          0       -227
     141           0          52           0          0          0         143         9           1,098.40          0        -91
     142           0         205           0          0          0         350        12          21,729.93          0       -145
     143           0         251           0          0          0         192        22          11,231.02          0         59
     144           0          38           0          0          0         103        39          31,897.83          0        -65
     145           0         165           0          0          0         258        20          36,060.82          0        -93
     146           0         250           0          0          0         289        67         746,267.93          0        -39
     147           0         547           0          0          0         191        29          29,816.23          0        356
     148           0          76           0          0          0         128        19         123,877.86          0        -52
     149           0         157           0          0          0         144        20          33,395.34          0         13
     150           0          72           0          0          0         131        19          54,380.14          0        -59
     151           0         267           0          0          0         141        47         267,836.05          0        126
     152           0          41           0          0          0          99        11          14,799.88          0        -58
     153           0         108           0          0          0         155        30          57,005.03          0        -47
     154           0         119           0          0          0         137        16           6,257.07          0        -18
     155           0         224           0          0          0         211        39          80,981.90          0         13
     156           0          82           0          0          0         193        51         122,799.35          0       -111
     157           0         247           0          0          0         292        49          87,380.72          0        -45
     158           0         167           0          0          0         216        21          72,125.39          0        -49
     159           0         302           0          0          0         208        20          80,431.29          0         94
     160           0         158           0          0          0         149        37          25,993.72          0          9
     161           0         338           0          0          0         378        64          32,131.13          0        -40
     162           0         104           0          0          0          50        14          44,385.58          0         54
     163           0          63           0          0          0          94        22           4,511.19          0        -31
     164           0         294           0          0          0         176        37         115,912.05          0        118
     165           0         302           0          0          0         235        49         202,080.33          0         67
     167           0         316           0          0          0         325        12          30,552.03          0         -9
     168           0         305           0          0          0         161       821       2,971,073.91          0        144
     169           0          16           0          0          0         108         8          19,306.64          0        -92
     170           0         136           0          0          0         126        24          59,779.63          0         10
     171           0         217           0          0          0         205        12           3,700.89          0         12
     172           0         104           0          0          0         371        44         179,452.44          0       -267
     173           0         315           0          0          0         226       249         815,226.37          0         89
     174           0         243           0          0          0         203        22          74,623.26          0         40
     175           0         165           0          0          0         117        11           3,557.77          0         48
     176           0          81           0          0          0         270        11          34,250.10          0       -189
     177           0          92           0          0          0         156        52         611,839.06          0        -64
     178           0         130           0          0          0         152         7          17,130.42          0        -22
     179           0          63           0          0          0          47         6          47,776.28          0         16
     180           0         187           0          0          0         415        17          54,672.71          0       -228
     183           0          88           0          0          0         241        26          29,176.86          0       -153
     184           0         679           0          0          0         356        23          35,942.14          0        323
     185           0         313           0          0          0         302        14         206,071.43          0         11
     186           0         332           0          0          0         224         7         120,910.78          0        108
     189           0         265           0          0          0         120         7           1,839.91          0        145
     190           0         122           0          0          0          95        22          10,511.11          0         27
     191           0           6           0          0          0         160        12          14,025.62          0       -154
     192           0          59           0          0          0          50         3         155,138.13          0          9
     193           0         281           0          0          0         149         3           4,286.87          0        132
     194           0         265           0          0          0         156        17          84,566.39          0        109
     195           0          51           0          0          0          62         6           4,615.63          0        -11
     196           0         108           0          0          0          90        10           2,467.46          0         18
     197           0          36           0          0          0          78        14          49,563.80          0        -42
     198           0          61           0          0          0          99        22           9,887.64          0        -38
     199           0          75           0          0          0         144        34         436,220.10          0        -69
     201           0         226           0          0          0         266        25          22,574.15          0        -40
     202           0         220           0          0          0         453        12           9,027.36          0       -233
     203           0         113           0          0          0         172        10         146,883.61          0        -59
     204           0         362           0          0          0         235        42         366,884.84          0        127
     205           0         128           0          0          0         257         6          35,180.24          0       -129
     206           0         263           0          0          0         196        18           4,288.05          0         67
     207           0         150           0          0          0         210        19          52,409.77          0        -60
     208           0          92           0          0          0         164        23         242,308.56          0        -72
     209           0         577           0          0          0         210        19          28,591.66          0        367
     210           0         157           0          0          0          99         4           3,323.54          0         58
     211           0          55           0          0          0         107         6           3,093.16          0        -52
     216           0         241           0          0          0         296        15          33,984.16          0        -55
     217           0         108           0          0          0         234        15          68,158.62          0       -126
     220           0          31           0          0          0          51         8          29,246.59          0        -20
     221           0         122           0          0          0         202        16          25,228.97          0        -80
     222           0         335           0          0          0         363        71          68,282.09          0        -28
     224           0         570           0          0          0         322        40         274,883.76          0        248
     225           0         160           0          0          0         121        22          49,079.94          0         39
     226           0          13           0          0          0          37        24         188,612.10          0        -24
     228           0         471           0          0          0         274        38         123,654.98          0        197
     230           0          34           0          0          0          73        11          62,784.22          0        -39
     231           0         950           0          0          0         296        51         372,222.85          0        654
     232           0          85           0          0          0          88        24         191,114.39          0         -3
     233           0         159           0          0          0         109        17          26,223.43          0         50
     234           0         101           0          0          0         174        20          12,104.04          0        -73
     235           0         240           0          0          0          87        10           1,764.71          0        153
     237           0         104           0          0          0          74         3           3,493.83          0         30
     239           0         111           0          0          0          61        10           4,217.64          0         50
     240           0         110           0          0          0         268        29           5,265.57          0       -158
     241           0          62           0          0          0          51        10           5,964.23          0         11
     242           0          77           0          0          0          70         9          13,071.75          0          7
     243           0         111           0          0          0         114         6           1,018.48          0         -3
     244           0          59           0          0          0         101        12          45,804.70          0        -42
     245           0         104           0          0          0          99         8           4,152.81          0          5
     247           0         242           0          0          0         487        22          64,122.11          0       -245
     248           0          73           0          0          0          80         5             801.53          0         -7
     249           0         254           0          0          0         269        17          53,930.78          0        -15
     251           0         212           0          0          0         210        19          11,433.17          0          2
     252           0         151           0          0          0         122        19          56,640.41          0         29
     254           0         128           0          0          0          94         6          41,491.56          0         34
     256           0          89           0          0          0          53        11          30,316.92          0         36
     257           0          67           0          0          0         112        23          37,174.69          0        -45
     258           0         197           0          0          0         179        29          25,517.83          0         18
     259           0          73           0          0          0         122         4          14,711.92          0        -49
     260           0         204           0          0          0         202        16          44,938.21          0          2
     261           0          73           0          0          0         156        10           6,566.62          0        -83
     262           0          67           0          0          0          74        14          38,409.22          0         -7
     263           0          11           0          0          0          55         9          63,057.94          0        -44
     264           0         408           0          0          0         265        40         174,539.75          0        143
     265           0         165           0          0          0          89        16          29,670.76          0         76
     266           0         140           0          0          0         175        36         276,233.24          0        -35
     267           0         110           0          0          0         117        13          21,621.94          0         -7
     268           0         276           0          0          0         191        50         143,273.93          0         85
     269           0          70           0          0          0         128        17          17,669.08          0        -58
     270           0         291           0          0          0         264        55          81,737.75          0         27
     273           0          50           0          0          0         188         6          33,823.31          0       -138
     274           0          93           0          0          0         200         8          54,121.39          0       -107
     275           0         731           0          0          0         456        13           5,433.34          0        275
     276           0         205           0          0          0         115        19          23,650.76          0         90
     278           0         100           0          0          0         180        14           8,932.93          0        -80
     280           0         176           0          0          0         223        57          45,874.48          0        -47
     281           0         638           0          0          0         383        14          26,770.06          0        255
     282           0         313           0          0          0         165         8           6,007.68          0        148
     283           0         186           0          0          0         177        22         168,193.77          0          9
     284           0         100           0          0          0         143        30          14,301.61          0        -43
     285           0          65           0          0          0         110         9           3,957.52          0        -45
     286           0         304           0          0          0         248        18          13,061.11          0         56
     287           0         125           0          0          0         132        25          11,304.25          0         -7
     288           0          63           0          0          0          93        16          37,374.81          0        -30
     289           0         119           0          0          0         156        13          58,618.35          0        -37
     290           0         143           0          0          0         106        15          18,411.86          0         37
     291           0          70           0          0          0          57        12           7,294.60          0         13
     292           0          58           0          0          0          59         5          65,846.94          0         -1
     293           0         278           0          0          0          97        21          98,237.65          0        181
     294           0          65           0          0          0          78        17          35,064.73          0        -13
     295           0          47           0          0          0          63        12          14,782.36          0        -16
     296           0          51           0          0          0          38        10           4,667.53          0         13
     701           0         395           0          0          0         232        27          64,380.04          0        163
     702           0         538           0          0          0         338        35          25,493.26          0        200
     703           0         633           0          0          0         329        53         154,792.61          0        304
     704           0         569           0          0          0         219        54         160,923.94          0        350
   TOTAL           0      51,504           0          0          0      51,882     7,963      25,611,413.84          0       -378
