PUBLIC ISLAMIC BANK BERHAD                                                                                                           
SAVINGS ACCOUNT OPENED/CLOSED FOR THE MONTH AS AT 08/06/26                                                                           
                                                                                                                                     
                                                                                                                                     
 BRANCH  CURRENT               CURRENT                                                                 NET CHANGE NET CHANGE         
          MONTH    CUMULATIVE   MONTH    CLOSED BY  CLOSED BY  CUMULATIVE   NO.OF                       FOR THE    YEAR TO           
          OPENED     OPENED     CLOSED      BANK     CUSTOMER    CLOSED     ACCTS     TOTAL (RM) O/S     MONTH       DATE            
                                                                                                                                     
 2               0        215          0          0          0        160         87        296,447.66          0         55         
 3               1         69          0          0          0        105         80        292,793.05          1        -36         
 4               0         86          0          0          0        176         52        565,319.76          0        -90         
 5               1        761          0          0          0        199        115        722,622.30          1        562         
 6               0        165          0          0          0        213         20         41,625.16          0        -48         
 7               0        261          0          0          0        462        202        226,122.97          0       -201         
 8               0        242          0          0          0        282         11          8,449.44          0        -40         
 9               0        369          0          0          0        148         32        179,877.62          0        221         
 10              0         54          0          0          0        157         21         21,170.13          0       -103         
 11              0        111          0          0          0         99         20         26,963.73          0         12         
 13              0        330          0          0          0        442         28         78,200.08          0       -112         
 14              0        242          0          0          0        175         27         29,539.86          0         67         
 15              0        254          0          0          0        256         24         32,655.24          0         -2         
 16              0        248          0          0          0        446          9          6,782.74          0       -198         
 17              0         85          0          0          0        141         23         62,247.13          0        -56         
 18              0        166          0          0          0        289         12         26,026.63          0       -123         
 19              0         60          0          0          0        113         12         77,476.35          0        -53         
 20              0         66          0          0          0        118          9         11,105.41          0        -52         
 21              0        573          0          0          0        313        123        271,993.64          0        260         
 22              0        250          0          0          0        428         14         15,661.29          0       -178         
 23              0        113          0          0          0        250         10         37,086.33          0       -137         
 24              0        404          0          0          0        373         81        324,101.25          0         31         
 25              0        383          0          0          0        459         22         42,354.80          0        -76         
 26              0        104          0          0          0        163         37        111,694.33          0        -59         
 27              0         88          0          0          0        175          5          8,916.61          0        -87         
 28              1        396          0          0          0        203         23         33,849.53          1        193         
 29              0         80          0          0          0        141         13         56,060.40          0        -61         
 30              1        813          0          0          0        417         54        117,973.61          1        396         
 31              0         99          0          0          0         86         11         17,151.40          0         13         
 32              0        107          0          0          0         79          8         55,307.12          0         28         
 33              0        217          0          0          0        260         43        197,663.47          0        -43         
 34              0        492          0          0          0        184         29         79,915.35          0        308         
 35              0         55          0          0          0        138         13         12,522.62          0        -83         
 36              0         22          0          0          0        128         38         59,956.14          0       -106         
 37              0         22          0          0          0        274         41         17,109.31          0       -252         
 38              0        110          0          0          0        139         19          3,697.13          0        -29         
 39              0        100          0          0          0         83         11         46,660.21          0         17         
 40              0        292          0          0          0        163         74        157,046.06          0        129         
 41              0         44          0          0          0         83          9          2,679.99          0        -39         
 42              0        505          0          0          0        247         28         38,994.79          0        258         
 43              0        255          0          0          0        346         12         79,646.21          0        -91         
 44              1        404          0          0          0        324         51         41,003.06          1         80         
 45              0        349          0          0          0        249         46        950,341.95          0        100         
 46              0         66          0          0          0        159         13         32,448.08          0        -93         
 47              0        212          0          0          0        197         21        116,154.46          0         15         
 48              0        112          0          0          0        121         12         38,409.14          0         -9         
 49              0        123          0          0          0        224         40        335,045.81          0       -101         
 50              0        788          0          0          0        537         51        355,071.82          0        251         
 51              0        173          0          0          0        167         10         27,090.98          0          6         
                                                                                                                                     
                                                                                                                                     
(Continued)                                                                                                                          
PUBLIC ISLAMIC BANK BERHAD                                                                                                           
SAVINGS ACCOUNT OPENED/CLOSED FOR THE MONTH AS AT 08/06/26                                                                           
                                                                                                                                     
                                                                                                                                     
 BRANCH  CURRENT               CURRENT                                                                 NET CHANGE NET CHANGE         
          MONTH    CUMULATIVE   MONTH    CLOSED BY  CLOSED BY  CUMULATIVE   NO.OF                       FOR THE    YEAR TO           
          OPENED     OPENED     CLOSED      BANK     CUSTOMER    CLOSED     ACCTS     TOTAL (RM) O/S     MONTH       DATE            
                                                                                                                                     
 52              0        209          0          0          0        415         23         29,373.70          0       -206         
 53              1        511          0          0          0        371         90        629,003.54          1        140         
 54              0        141          0          0          0        391         18         68,578.52          0       -250         
 55              0        180          0          0          0        176         60         16,145.24          0          4         
 56              0         87          0          0          0        180         15         14,829.18          0        -93         
 57              0        380          0          0          0        426         62        106,660.16          0        -46         
 58              0        280          0          0          0        284         21         54,970.10          0         -4         
 59              0        130          0          0          0        170         22          8,213.42          0        -40         
 60              0         92          0          0          0        143         13          6,600.12          0        -51         
 61              0        407          0          0          0        477         34        259,351.37          0        -70         
 62              0        256          0          0          0        188         54         88,367.06          0         68         
 63              0         84          0          0          0         95          6          4,265.38          0        -11         
 64              0        199          0          0          0        141         36        118,465.25          0         58         
 65              0        200          0          0          0        179         30         84,913.37          0         21         
 66              0         36          0          0          0         50         25         43,384.87          0        -14         
 67              0        182          0          0          0        256         27         48,328.02          0        -74         
 68              0        426          0          0          0        514        101         81,618.19          0        -88         
 69              0        119          0          0          0        302         67         92,458.22          0       -183         
 70              0        151          0          0          0        214         11         91,533.30          0        -63         
 71              0         90          0          0          0        128          9         17,088.92          0        -38         
 72              0        137          0          0          0        190         64        128,543.03          0        -53         
 73              0         73          0          0          0        111         11         25,317.68          0        -38         
 74              0         68          0          0          0        150         23         26,551.99          0        -82         
 75              0        226          0          0          0        137         33        112,957.22          0         89         
 76              0         25          0          0          0        136         12         32,945.10          0       -111         
 77              0        173          0          0          0        271         21         31,537.33          0        -98         
 78              0         77          0          0          0        123          8         11,811.90          0        -46         
 79              0        415          0          0          0        501         21         25,841.14          0        -86         
 80              0        329          0          0          0        278         60        239,922.01          0         51         
 81              0        445          1          1          0        392         77        164,072.00         -1         53         
 83              0         23          0          0          0         35         13         12,060.68          0        -12         
 85              0        172          0          0          0        214         15         10,961.23          0        -42         
 86              0        110          0          0          0         97         10         37,209.78          0         13         
 87              0        217          0          0          0        135         16         16,993.52          0         82         
 88              0        302          0          0          0        373         54         61,470.60          0        -71         
 89              0        106          0          0          0        251         25         21,492.81          0       -145         
 90              0         71          0          0          0        410         25         31,403.89          0       -339         
 91              0        344          0          0          0        221         32        266,554.33          0        123         
 92              0        155          0          0          0        133         22         56,642.27          0         22         
 93              0        176          0          0          0        162         22         37,629.06          0         14         
 94              0        161          0          0          0        318         35         54,497.31          0       -157         
 95              0        484          0          0          0        214         32         51,429.47          0        270         
 96              0        269          0          0          0        239         27         31,348.35          0         30         
 97              0         43          0          0          0         64          7         51,499.02          0        -21         
 102             0        200          0          0          0        153         16         15,030.32          0         47         
 103             0         10          0          0          0        135          9         14,940.95          0       -125         
 104             0        232          0          0          0        217         61        184,552.52          0         15         
 105             0        276          0          0          0        159         18         42,255.02          0        117         
 106             0        274          0          0          0        220         13          9,833.29          0         54         
                                                                                                                                     
                                                                                                                                     
(Continued)                                                                                                                          
PUBLIC ISLAMIC BANK BERHAD                                                                                                           
SAVINGS ACCOUNT OPENED/CLOSED FOR THE MONTH AS AT 08/06/26                                                                           
                                                                                                                                     
                                                                                                                                     
 BRANCH  CURRENT               CURRENT                                                                 NET CHANGE NET CHANGE         
          MONTH    CUMULATIVE   MONTH    CLOSED BY  CLOSED BY  CUMULATIVE   NO.OF                       FOR THE    YEAR TO           
          OPENED     OPENED     CLOSED      BANK     CUSTOMER    CLOSED     ACCTS     TOTAL (RM) O/S     MONTH       DATE            
                                                                                                                                     
 107             0        248          0          0          0        173         54         29,166.99          0         75         
 108             0         94          0          0          0         99          3            355.02          0         -5         
 109             0        191          0          0          0        107          4          1,057.50          0         84         
 110             0        429          0          0          0        465         46        113,601.01          0        -36         
 111             0        248          0          0          0        245         35        136,837.33          0          3         
 112             0         58          0          0          0        112         23         17,641.40          0        -54         
 113             0         70          0          0          0        197         17         16,933.81          0       -127         
 114             0         54          0          0          0        272         22        119,861.71          0       -218         
 115             0         29          0          0          0        123         20         57,996.50          0        -94         
 116             0        109          0          0          0        123         12          5,705.58          0        -14         
 117             0        112          0          0          0        116         19         26,054.49          0         -4         
 118             0        158          0          0          0        186         16         18,815.68          0        -28         
 120             0         48          0          0          0         71         11         16,194.74          0        -23         
 121             0         31          0          0          0        323         17         52,518.06          0       -292         
 122             0        114          0          0          0        341         71        139,160.23          0       -227         
 123             1        184          0          0          0        199         27         50,397.38          1        -15         
 124             1        101          0          0          0        166         35        269,289.06          1        -65         
 125             0        144          0          0          0        139         34         47,516.18          0          5         
 126             0        222          0          0          0        166         43        115,033.05          0         56         
 127             0         32          0          0          0        243         26         16,814.13          0       -211         
 128             0         94          0          0          0         94         30         59,587.67          0          0         
 129             0         82          0          0          0         66          7         15,338.48          0         16         
 130             0        317          0          0          0        173         17         99,335.75          0        144         
 131             0         53          0          0          0        106         28          7,807.19          0        -53         
 133             0        106          0          0          0        186         12         19,647.60          0        -80         
 135             2        464          0          0          0        297         75        305,473.72          2        167         
 136             0         39          0          0          0        125         26        164,535.12          0        -86         
 137             0        127          0          0          0        191          7          9,153.78          0        -64         
 138             0        122          0          0          0        186         13        131,078.83          0        -64         
 139             0        156          0          0          0        169         32         46,875.05          0        -13         
 140             0        133          0          0          0        360         33        128,516.29          0       -227         
 141             0         52          0          0          0        143          9          1,098.40          0        -91         
 142             0        205          0          0          0        350         12         21,729.93          0       -145         
 143             0        251          0          0          0        192         22         11,231.02          0         59         
 144             0         38          0          0          0        103         39         31,897.83          0        -65         
 145             0        165          0          0          0        258         20         36,060.82          0        -93         
 146             0        250          0          0          0        289         67        746,267.93          0        -39         
 147             0        547          0          0          0        191         29         29,816.23          0        356         
 148             0         76          0          0          0        128         19        123,877.86          0        -52         
 149             0        157          0          0          0        144         20         33,395.34          0         13         
 150             1         73          0          0          0        131         19         54,380.14          1        -58         
 151             0        267          0          0          0        141         47        267,836.05          0        126         
 152             0         41          0          0          0         99         11         14,799.88          0        -58         
 153             0        108          0          0          0        155         30         57,005.03          0        -47         
 154             0        119          0          0          0        137         16          6,257.07          0        -18         
 155             0        224          0          0          0        211         39         80,981.90          0         13         
 156             0         82          0          0          0        193         51        122,799.35          0       -111         
 157             0        247          0          0          0        292         49         87,380.72          0        -45         
 158             0        167          0          0          0        216         21         72,125.39          0        -49         
                                                                                                                                     
                                                                                                                                     
(Continued)                                                                                                                          
PUBLIC ISLAMIC BANK BERHAD                                                                                                           
SAVINGS ACCOUNT OPENED/CLOSED FOR THE MONTH AS AT 08/06/26                                                                           
                                                                                                                                     
                                                                                                                                     
 BRANCH  CURRENT               CURRENT                                                                 NET CHANGE NET CHANGE         
          MONTH    CUMULATIVE   MONTH    CLOSED BY  CLOSED BY  CUMULATIVE   NO.OF                       FOR THE    YEAR TO           
          OPENED     OPENED     CLOSED      BANK     CUSTOMER    CLOSED     ACCTS     TOTAL (RM) O/S     MONTH       DATE            
                                                                                                                                     
 159             0        302          0          0          0        208         20         80,431.29          0         94         
 160             0        158          0          0          0        149         37         25,993.72          0          9         
 161             0        338          0          0          0        378         64         32,131.13          0        -40         
 162             0        104          0          0          0         50         14         44,385.58          0         54         
 163             0         63          0          0          0         94         22          4,511.19          0        -31         
 164             0        294          0          0          0        176         37        115,912.05          0        118         
 165             0        302          0          0          0        235         49        202,080.33          0         67         
 167             0        316          0          0          0        325         12         30,552.03          0         -9         
 168             8        313          0          0          0        161        821      2,971,073.91          8        152         
 169             0         16          0          0          0        108          8         19,306.64          0        -92         
 170             0        136          0          0          0        126         24         59,779.63          0         10         
 171             0        217          0          0          0        205         12          3,700.89          0         12         
 172             0        104          0          0          0        371         44        179,452.44          0       -267         
 173             1        316          0          0          0        226        249        815,226.37          1         90         
 174             0        243          0          0          0        203         22         74,623.26          0         40         
 175             0        165          0          0          0        117         11          3,557.77          0         48         
 176             0         81          0          0          0        270         11         34,250.10          0       -189         
 177             0         92          0          0          0        156         52        611,839.06          0        -64         
 178             0        130          0          0          0        152          7         17,130.42          0        -22         
 179             0         63          0          0          0         47          6         47,776.28          0         16         
 180             0        187          0          0          0        415         17         54,672.71          0       -228         
 183             0         88          0          0          0        241         26         29,176.86          0       -153         
 184             0        679          0          0          0        356         23         35,942.14          0        323         
 185             0        313          0          0          0        302         14        206,071.43          0         11         
 186             0        332          0          0          0        224          7        120,910.78          0        108         
 189             0        265          0          0          0        120          7          1,839.91          0        145         
 190             0        122          0          0          0         95         22         10,511.11          0         27         
 191             0          6          0          0          0        160         12         14,025.62          0       -154         
 192             0         59          0          0          0         50          3        155,138.13          0          9         
 193             0        281          0          0          0        149          3          4,286.87          0        132         
 194             0        265          0          0          0        156         17         84,566.39          0        109         
 195             0         51          0          0          0         62          6          4,615.63          0        -11         
 196             0        108          0          0          0         90         10          2,467.46          0         18         
 197             0         36          0          0          0         78         14         49,563.80          0        -42         
 198             0         61          0          0          0         99         22          9,887.64          0        -38         
 199             0         75          0          0          0        144         34        436,220.10          0        -69         
 201             0        226          0          0          0        266         25         22,574.15          0        -40         
 202             0        220          0          0          0        453         12          9,027.36          0       -233         
 203             0        113          0          0          0        172         10        146,883.61          0        -59         
 204             1        363          0          0          0        235         42        366,884.84          1        128         
 205             0        128          0          0          0        257          6         35,180.24          0       -129         
 206             0        263          0          0          0        196         18          4,288.05          0         67         
 207             0        150          0          0          0        210         19         52,409.77          0        -60         
 208             0         92          0          0          0        164         23        242,308.56          0        -72         
 209             0        577          0          0          0        210         19         28,591.66          0        367         
 210             0        157          0          0          0         99          4          3,323.54          0         58         
 211             0         55          0          0          0        107          6          3,093.16          0        -52         
 216             0        241          0          0          0        296         15         33,984.16          0        -55         
 217             0        108          0          0          0        234         15         68,158.62          0       -126         
                                                                                                                                     
                                                                                                                                     
(Continued)                                                                                                                          
PUBLIC ISLAMIC BANK BERHAD                                                                                                           
SAVINGS ACCOUNT OPENED/CLOSED FOR THE MONTH AS AT 08/06/26                                                                           
                                                                                                                                     
                                                                                                                                     
 BRANCH  CURRENT               CURRENT                                                                 NET CHANGE NET CHANGE         
          MONTH    CUMULATIVE   MONTH    CLOSED BY  CLOSED BY  CUMULATIVE   NO.OF                       FOR THE    YEAR TO           
          OPENED     OPENED     CLOSED      BANK     CUSTOMER    CLOSED     ACCTS     TOTAL (RM) O/S     MONTH       DATE            
                                                                                                                                     
 220             0         31          0          0          0         51          8         29,246.59          0        -20         
 221             0        122          0          0          0        202         16         25,228.97          0        -80         
 222             0        335          0          0          0        363         71         68,282.09          0        -28         
 224             1        571          0          0          0        322         40        274,883.76          1        249         
 225             0        160          0          0          0        121         22         49,079.94          0         39         
 226             0         13          0          0          0         37         24        188,612.10          0        -24         
 228             0        471          0          0          0        274         38        123,654.98          0        197         
 230             0         34          0          0          0         73         11         62,784.22          0        -39         
 231             0        950          0          0          0        296         51        372,222.85          0        654         
 232             0         85          0          0          0         88         24        191,114.39          0         -3         
 233             0        159          0          0          0        109         17         26,223.43          0         50         
 234             0        101          0          0          0        174         20         12,104.04          0        -73         
 235             0        240          0          0          0         87         10          1,764.71          0        153         
 237             0        104          0          0          0         74          3          3,493.83          0         30         
 239             0        111          0          0          0         61         10          4,217.64          0         50         
 240             0        110          0          0          0        268         29          5,265.57          0       -158         
 241             0         62          0          0          0         51         10          5,964.23          0         11         
 242             0         77          0          0          0         70          9         13,071.75          0          7         
 243             0        111          0          0          0        114          6          1,018.48          0         -3         
 244             0         59          0          0          0        101         12         45,804.70          0        -42         
 245             0        104          0          0          0         99          8          4,152.81          0          5         
 247             0        242          0          0          0        487         22         64,122.11          0       -245         
 248             0         73          0          0          0         80          5            801.53          0         -7         
 249             1        255          0          0          0        269         17         53,930.78          1        -14         
 251             0        212          0          0          0        210         19         11,433.17          0          2         
 252             0        151          0          0          0        122         19         56,640.41          0         29         
 254             1        129          0          0          0         94          6         41,491.56          1         35         
 256             0         89          0          0          0         53         11         30,316.92          0         36         
 257             0         67          0          0          0        112         23         37,174.69          0        -45         
 258             0        197          0          0          0        179         29         25,517.83          0         18         
 259             0         73          0          0          0        122          4         14,711.92          0        -49         
 260             0        204          0          0          0        202         16         44,938.21          0          2         
 261             0         73          0          0          0        156         10          6,566.62          0        -83         
 262             0         67          0          0          0         74         14         38,409.22          0         -7         
 263             0         11          0          0          0         55          9         63,057.94          0        -44         
 264             0        408          0          0          0        265         40        174,539.75          0        143         
 265             0        165          0          0          0         89         16         29,670.76          0         76         
 266             1        141          0          0          0        175         36        276,233.24          1        -34         
 267             0        110          0          0          0        117         13         21,621.94          0         -7         
 268             0        276          0          0          0        191         50        143,273.93          0         85         
 269             0         70          0          0          0        128         17         17,669.08          0        -58         
 270             1        292          0          0          0        264         55         81,737.75          1         28         
 273             0         50          0          0          0        188          6         33,823.31          0       -138         
 274             0         93          0          0          0        200          8         54,121.39          0       -107         
 275             0        731          0          0          0        456         13          5,433.34          0        275         
 276             0        205          0          0          0        115         19         23,650.76          0         90         
 278             0        100          0          0          0        180         14          8,932.93          0        -80         
 280             1        177          0          0          0        223         57         45,874.48          1        -46         
 281             0        638          0          0          0        383         14         26,770.06          0        255         
                                                                                                                                     
                                                                                                                                     
(Continued)                                                                                                                          
PUBLIC ISLAMIC BANK BERHAD                                                                                                           
SAVINGS ACCOUNT OPENED/CLOSED FOR THE MONTH AS AT 08/06/26                                                                           
                                                                                                                                     
                                                                                                                                     
 BRANCH  CURRENT               CURRENT                                                                 NET CHANGE NET CHANGE         
          MONTH    CUMULATIVE   MONTH    CLOSED BY  CLOSED BY  CUMULATIVE   NO.OF                       FOR THE    YEAR TO           
          OPENED     OPENED     CLOSED      BANK     CUSTOMER    CLOSED     ACCTS     TOTAL (RM) O/S     MONTH       DATE            
                                                                                                                                     
 282             0        313          0          0          0        165          8          6,007.68          0        148         
 283             0        186          0          0          0        177         22        168,193.77          0          9         
 284             0        100          0          0          0        143         30         14,301.61          0        -43         
 285             0         65          0          0          0        110          9          3,957.52          0        -45         
 286             0        304          0          0          0        248         18         13,061.11          0         56         
 287             0        125          0          0          0        132         25         11,304.25          0         -7         
 288             0         63          0          0          0         93         16         37,374.81          0        -30         
 289             0        119          0          0          0        156         13         58,618.35          0        -37         
 290             0        143          0          0          0        106         15         18,411.86          0         37         
 291             0         70          0          0          0         57         12          7,294.60          0         13         
 292             0         58          0          0          0         59          5         65,846.94          0         -1         
 293             0        278          0          0          0         97         21         98,237.65          0        181         
 294             0         65          0          0          0         78         17         35,064.73          0        -13         
 295             0         47          0          0          0         63         12         14,782.36          0        -16         
 296             0         51          0          0          0         38         10          4,667.53          0         13         
 701             0        395          0          0          0        232         27         64,380.04          0        163         
 702             0        538          0          0          0        338         35         25,493.26          0        200         
 703             2        635          0          0          0        329         53        154,792.61          2        306         
 704             0        569          0          0          0        219         54        160,923.94          0        350         
 TOTAL          29     51,533          1          1          0     51,883      7,963     25,611,413.84         28       -350         
                                                                                                                                     




OUR OUTPUT,



PUBLIC ISLAMIC BANK BERHAD
SAVINGS ACCOUNT OPENED/CLOSED FOR THE MONTH AS AT 13/06/26



 BRANCH   CURRENT                 CURRENT                                                                   NET CHANGE NET CHANGE
           MONTH     CUMULATIVE    MONTH     CLOSED BY  CLOSED BY  CUMULATIVE   NO.OF                        FOR THE    YEAR TO
           OPENED      OPENED      CLOSED       BANK     CUSTOMER    CLOSED     ACCTS      TOTAL (RM) O/S     MONTH       DATE

       2           7         222           0          0          0         160     6,163      23,829,010.70          7         62
       3           6          74           1          0          1         106     4,843      20,504,391.29          5        -32
       4           1          87           3          1          2         179     6,718      44,233,902.96         -2        -92
       5          16         776           0          0          0         199    12,777      50,000,518.06         16        577
       6           3         168           0          0          0         213     7,453      41,792,320.46          3        -45
       7           5         266           0          0          0         462    16,611      58,853,231.58          5       -196
       8           9         251           0          0          0         282    10,255      26,399,516.61          9        -31
       9           7         376           1          1          0         149     7,621      39,351,522.13          6        227
      10           2          56           1          0          1         158     8,542      37,160,885.03          1       -102
      11           2         113           0          0          0          99     4,895      17,045,904.46          2         14
      13          14         344           1          1          0         443    13,583      66,205,058.94         13        -99
      14          41         283           0          0          0         175     7,940      29,629,336.31         41        108
      15           7         261           4          3          1         260     8,551      43,682,125.44          3          1
      16           9         257           1          0          1         447    12,429      52,931,907.88          8       -190
      17           3          88           4          2          2         145     9,989      55,288,528.63         -1        -57
      18           5         171           3          0          3         292     5,036      24,733,853.79          2       -121
      19           0          60           0          0          0         113     4,594      23,954,607.87          0        -53
      20           3          69           2          1          1         120     4,498      27,642,819.69          1        -51
      21          23         596           3          2          1         316    13,303      44,645,614.02         20        280
      22           9         259           1          1          0         429    15,187      64,458,294.60          8       -170
      23           4         117           1          1          0         251     5,908      20,105,233.58          3       -134
      24          18         422           1          0          1         374    19,504      97,761,740.55         17         48
      25           9         392           0          0          0         459    15,029      43,091,178.59          9        -67
      26           3         107           1          0          1         164     9,288      83,848,843.95          2        -57
      27           7          95           2          1          1         177     6,097      24,547,776.82          5        -82
      28          15         410           2          1          1         205     9,769      47,051,724.63         13        205
      29           2          82           0          0          0         141     5,898      28,893,232.29          2        -59
      30          46         858           1          0          1         418    17,499      46,915,326.65         45        440
      31           2         101           0          0          0          86     4,862      28,493,360.60          2         15
      32           1         108           0          0          0          79     4,697      20,077,030.48          1         29
      33           4         221           1          0          1         261    13,229      51,919,180.71          3        -40
      34          14         506           1          1          0         185    10,131      27,222,745.24         13        321
      35           4          59           3          1          2         141     3,988      18,681,748.22          1        -82
      36           0          22           0          0          0         128     5,958      41,492,356.18          0       -106
      37           1          23           0          0          0         274     9,489      63,038,457.35          1       -251
      38           0         110           1          0          1         140     5,558      31,383,243.21         -1        -30
      39           1         101           0          0          0          83     4,105      24,195,768.87          1         18
      40          11         303           3          0          3         166     8,413      31,131,948.37          8        137
      41           2          46           1          0          1          84     3,873      24,164,136.15          1        -38
      42          12         517           5          3          2         252    14,458      63,334,366.33          7        265
      43          19         274           0          0          0         346    11,094      61,982,341.60         19        -72
      44           5         408           1          0          1         325    15,509      65,834,409.28          4         83
      45          19         368           0          0          0         249    11,795      59,794,302.86         19        119
      46           4          70           2          0          2         161     6,186      24,783,519.03          2        -91
      47           2         214           4          3          1         201     8,513      50,262,588.43         -2         13
      48           2         114           0          0          0         121     5,901      36,529,030.31          2         -7
      49           5         128           0          0          0         224    10,310      56,000,580.81          5        -96
      50          15         803           1          0          1         538    28,847     129,263,901.25         14        265
      51           3         176           0          0          0         167     7,395      30,800,930.08          3          9
      52          13         222           3          2          1         418    16,853      80,582,319.52         10       -196
      53          19         529           3          2          1         374    16,053      63,757,432.42         16        155
      54          10         151           2          1          1         393    12,736      50,942,082.81          8       -242
      55          11         191           3          1          2         179     9,890      38,597,919.86          8         12
      56           2          89           0          0          0         180     8,164      47,718,410.96          2        -91
      57          19         399           4          0          4         430    19,828      67,870,791.84         15        -31
      58           5         285           5          3          2         289    13,336      62,021,714.18          0         -4
      59           7         137           0          0          0         170    10,292      61,293,531.80          7        -33
      60           4          96           0          0          0         143     5,795      30,883,369.83          4        -47
      61          14         421           3          2          1         480    15,015      59,893,329.95         11        -59
      62          13         269           0          0          0         188    10,058      41,201,487.91         13         81
      63           4          88           0          0          0          95     4,955      25,412,434.32          4         -7
      64           4         203           2          2          0         143     7,195      37,765,573.91          2         60
      65           8         208           1          1          0         180     9,630      55,085,396.36          7         28
      66           3          39           0          0          0          50     2,414      17,571,763.05          3        -11
      67           4         186           0          0          0         256     9,288      40,205,499.75          4        -70
      68          10         436           0          0          0         514    16,099      63,379,939.16         10        -78
      69           6         125           1          0          1         303     9,863      34,397,795.43          5       -178
      70           5         156           1          0          1         215     7,171      18,351,313.20          4        -59
      71           2          92           0          0          0         128     3,933      25,680,858.12          2        -36
      72           6         143           0          0          0         190    13,220      35,676,193.80          6        -47
      73           4          77           1          1          0         112     6,755      44,692,831.90          3        -35
      74           3          71           0          0          0         150     9,573      29,755,187.83          3        -79
      75           7         233           0          0          0         137     6,884      33,113,295.71          7         96
      76           1          26           0          0          0         136     9,102      73,858,915.99          1       -110
      77           2         175           2          0          2         273     8,748      19,182,831.11          0        -98
      78           3          80           0          0          0         123     4,455      23,358,066.61          3        -43
      79          23         438           0          0          0         501    19,210      77,992,004.51         23        -63
      80          12         341           1          0          1         279    13,832      75,667,392.88         11         62
      81          15         460           4          2          2         395    13,892      52,595,808.14         11         65
      83           3          26           1          1          0          36     2,275      16,321,611.70          2        -10
      85           8         180           6          4          2         220    12,575      75,084,725.76          2        -40
      86           7         117           1          0          1          98     4,371      11,296,983.13          6         19
      87           9         226           1          0          1         136     5,066      19,421,888.41          8         90
      88          30         332           1          0          1         374    14,815      49,959,131.10         29        -42
      89           4         110           4          3          1         255     6,468      19,602,427.83          0       -145
      90           0          71           4          3          1         414    14,702      32,641,150.29         -4       -343
      91           8         352           1          1          0         222    10,285      37,520,659.84          7        130
      92           2         157           1          1          0         134     5,356      26,850,405.57          1         23
      93           6         182           3          0          3         165     6,960      30,551,440.19          3         17
      94           2         163           5          3          2         323    14,616      81,300,883.35         -3       -160
      95          18         502           3          1          2         217    12,180      65,433,229.24         15        285
      96          12         281           0          0          0         239     9,375      38,909,449.64         12         42
      97           2          45           0          0          0          64     3,218      19,352,539.94          2        -19
     102          10         210           0          0          0         153     6,711      28,203,644.00         10         57
     103           1          11           0          0          0         135     5,288      41,034,338.86          1       -124
     104          13         245           1          1          0         218    10,147      30,395,203.80         12         27
     105          10         286           1          1          0         160     7,857      30,791,728.24          9        126
     106          17         291           1          1          0         221    10,242      28,110,359.94         16         70
     107           1         249           1          0          1         174     8,306      39,687,880.95          0         75
     108           4          98           0          0          0          99     3,633      17,226,323.85          4         -1
     109           7         198           0          0          0         107     5,966      21,709,821.27          7         91
     110           8         437           2          0          2         467    16,741      83,899,612.90          6        -30
     111           3         251           2          1          1         247     8,582      25,496,653.32          1          4
     112           0          58           0          0          0         112     6,979      50,108,150.27          0        -54
     113           7          77           0          0          0         197     9,207      30,761,437.17          7       -120
     114           0          54           1          0          1         273    12,694      71,509,999.65         -1       -219
     115           1          30           0          0          0         123     7,075      35,087,077.34          1        -93
     116           4         113           3          0          3         126     7,172      53,177,408.08          1        -13
     117           4         116           0          0          0         116     4,250      12,228,748.89          4          0
     118          14         172           2          2          0         188     7,075      31,284,593.38         12        -16
     120           1          49           0          0          0          71     4,962      36,618,453.14          1        -22
     121           1          32           2          1          1         325    10,762      52,218,476.07         -1       -293
     122           2         116           0          0          0         341    13,908      93,739,130.77          2       -225
     123           8         191           2          1          1         201     8,728      52,447,259.50          6        -10
     124           5         105           1          1          0         167     7,460      31,883,191.60          4        -62
     125           6         150           0          0          0         139     4,515      20,021,972.27          6         11
     126           5         227           1          0          1         167     8,571      49,355,797.70          4         60
     127           0          32           0          0          0         243     7,660      34,962,451.63          0       -211
     128           2          96           1          0          1          95     4,463      25,808,334.45          1          1
     129           5          87           1          0          1          67     3,265      23,852,203.13          4         20
     130           8         325           1          1          0         174    10,022      54,944,601.03          7        151
     131           4          57           0          0          0         106     4,439      25,485,071.05          4        -49
     133           1         107           1          0          1         187     6,580      32,410,004.79          0        -80
     135          18         480           2          2          0         299    11,816      42,078,965.73         16        181
     136           1          40           1          0          1         126     6,789      66,583,713.35          0        -86
     137           3         130           0          0          0         191     8,357      44,295,773.12          3        -61
     138           8         130           0          0          0         186     6,691      27,293,460.05          8        -56
     139           8         164           0          0          0         169     7,197      25,624,298.26          8         -5
     140           4         137           3          3          0         363    12,520      39,433,813.03          1       -226
     141           0          52           1          1          0         144     4,694      27,878,336.99         -1        -92
     142           7         212           2          1          1         352    20,853      41,403,046.00          5       -140
     143           7         258           1          0          1         193    11,657      46,729,880.76          6         65
     144           3          41           0          0          0         103     6,133      34,964,217.40          3        -62
     145           8         173           0          0          0         258    12,258      71,959,687.31          8        -85
     146          13         263           1          0          1         290    14,629      82,199,726.75         12        -27
     147          28         575           0          0          0         191     8,113      23,984,141.68         28        384
     148           2          78           0          0          0         128     6,116      35,869,215.90          2        -50
     149           7         164           1          1          0         145     7,324      32,672,334.52          6         19
     150           4          76           0          0          0         131     6,204      40,110,824.06          4        -55
     151           6         273           1          1          0         142     6,573      29,827,171.91          5        131
     152           0          41           0          0          0          99     5,832      38,797,143.76          0        -58
     153           2         110           0          0          0         155     6,399      37,739,676.61          2        -45
     154           2         121           0          0          0         137     6,668      26,978,561.11          2        -16
     155           5         229           0          0          0         211     9,772      40,899,817.48          5         18
     156           1          83           1          1          0         194     7,607      41,599,485.73          0       -111
     157          12         259           0          0          0         292    11,669      66,880,516.80         12        -33
     158          13         180           2          0          2         218    10,582      45,355,084.07         11        -38
     159          12         314           2          0          2         210    10,817      53,040,781.33         10        104
     160           8         166           0          0          0         149     6,303      29,987,264.39          8         17
     161          10         348           0          0          0         378    14,749      58,565,150.73         10        -30
     162           0         104           1          0          1          51     1,704      12,078,320.42         -1         53
     163           5          68           0          0          0          94     5,149      35,797,732.06          5        -26
     164          17         311           0          0          0         176     8,254      30,123,780.35         17        135
     165          33         335           1          0          1         236    11,182      56,582,349.59         32         99
     167          16         332           2          1          1         327    12,773      27,756,225.56         14          5
     168          16         321           0          0          0         161     8,350      45,591,596.86         16        160
     169           0          16           3          3          0         111     2,976      13,441,427.58         -3        -95
     170           4         140           1          1          0         127     7,216      51,697,308.04          3         13
     171           4         221           0          0          0         205     9,519      54,843,599.76          4         16
     172           5         109           1          0          1         372    17,756      87,648,879.80          4       -263
     173           6         321           0          0          0         226    10,626      51,815,963.14          6         95
     174          17         260           1          0          1         204     8,396      50,253,368.27         16         56
     175           8         173           0          0          0         117     7,057      26,505,490.46          8         56
     176           5          86           3          2          1         273     8,961      55,106,378.52          2       -187
     177           7          99           1          0          1         157     9,423      64,314,891.87          6        -58
     178           4         134           1          0          1         153     7,534      30,441,514.97          3        -19
     179           1          64           0          0          0          47     3,320      31,946,279.96          1         17
     180           5         192           0          0          0         415    10,497      31,053,119.36          5       -223
     183           2          90           0          0          0         241    12,809      55,594,201.05          2       -151
     184          15         694           1          1          0         357    12,474      46,754,012.43         14        337
     185           8         321           2          1          1         304     9,565      29,886,595.66          6         17
     186           5         337           1          0          1         225     9,971      40,185,736.28          4        112
     189          12         277           1          0          1         121     8,394      34,193,818.52         11        156
     190           5         127           0          0          0          95     8,234      29,259,038.66          5         32
     191           0           6           0          0          0         160     8,368      18,156,350.92          0       -154
     192           0          59           0          0          0          50     4,067      15,756,112.70          0          9
     193          53         334           0          0          0         149     6,383      14,321,798.16         53        185
     194          15         280           2          2          0         158    11,172      44,582,459.11         13        122
     195           2          53           1          1          0          63     2,636      10,784,176.97          1        -10
     196           7         115           1          0          1          91     3,208      14,654,677.08          6         24
     197           0          36           0          0          0          78     3,135      17,049,260.47          0        -42
     198           1          62           0          0          0          99     5,533      56,930,313.14          1        -37
     199           0          75           0          0          0         144     5,438      29,495,984.17          0        -69
     201           1         227           0          0          0         266     7,942      31,084,201.33          1        -39
     202           7         227           3          1          2         456    14,604      69,583,894.60          4       -229
     203           8         121           0          0          0         172     6,493      41,639,789.78          8        -51
     204          10         372           7          7          0         242     9,740      27,591,060.08          3        130
     205           9         137           4          0          4         261     6,203      23,678,489.74          5       -124
     206          16         279           1          0          1         197     8,316      43,450,260.54         15         82
     207           4         154           1          0          1         211    12,451      77,042,360.51          3        -57
     208           1          93           1          0          1         165     7,904      42,476,068.53          0        -72
     209          22         599           1          0          1         211    13,029      75,555,469.19         21        388
     210           2         159           0          0          0          99     5,759      20,786,187.63          2         60
     211           4          59           1          0          1         108     5,302      32,038,595.64          3        -49
     216           8         249           2          0          2         298    14,624      95,148,211.31          6        -49
     217           2         110           1          0          1         235     9,159      55,205,394.70          1       -125
     220           3          34           0          0          0          51     1,631       6,471,242.20          3        -17
     221           1         123           0          0          0         202     8,749      51,144,750.00          1        -79
     222          39         374           2          0          2         365    12,358      43,886,788.36         37          9
     224          30         600           2          0          2         324    18,017      87,827,111.99         28        276
     225           9         169           2          2          0         123     6,024      24,068,330.05          7         46
     226           1          14           0          0          0          37     2,883      21,956,824.35          1        -23
     228          15         486           5          5          0         279    15,787      40,493,717.58         10        207
     230          12          46           0          0          0          73     3,351      20,265,597.48         12        -27
     231          35         985           1          0          1         297    17,590      59,209,950.75         34        688
     232           6          91           1          1          0          89     3,747      21,042,515.72          5          2
     233           6         165           0          0          0         109     5,692      31,613,609.41          6         56
     234           7         108           0          0          0         174     8,818      45,566,194.37          7        -66
     235          14         254           0          0          0          87     3,062      11,987,973.48         14        167
     237           4         108           0          0          0          74     3,651      14,333,861.53          4         34
     239           1         112           0          0          0          61     3,473      14,528,913.01          1         51
     240           4         114           2          0          2         270     7,848      47,188,329.24          2       -156
     241           3          65           1          1          0          52     2,161      17,486,847.90          2         13
     242           1          78           0          0          0          70     3,178      14,072,093.29          1          8
     243           4         115           0          0          0         114     4,649      16,199,042.27          4          1
     244           2          61           0          0          0         101     4,885      25,267,102.54          2        -40
     245           4         108           0          0          0          99     4,781      20,710,541.27          4          9
     247           4         246           5          0          5         492    10,409      27,209,310.27         -1       -246
     248           1          74           0          0          0          80     2,945      10,566,305.64          1         -6
     249           9         263           0          0          0         269    13,444      60,845,739.94          9         -6
     251           6         218           0          0          0         210    11,285      55,308,058.38          6          8
     252           8         159           2          1          1         124     5,761      36,915,102.12          6         35
     254           2         130           2          2          0          96     3,665      14,365,155.27          0         34
     256           1          90           0          0          0          53     3,865      21,306,222.04          1         37
     257           1          68           1          0          1         113     6,304      53,580,126.67          0        -45
     258          16         213           1          0          1         180     6,622      22,584,954.49         15         33
     259           1          74           0          0          0         122     5,579      21,677,720.48          1        -48
     260          16         220           3          2          1         205     6,544      15,894,935.22         13         15
     261           4          77           3          2          1         159     4,694      10,576,664.19          1        -82
     262           0          67           0          0          0          74     3,556      15,222,251.50          0         -7
     263           2          13           0          0          0          55     2,854      14,417,905.22          2        -42
     264          10         418           0          0          0         265    10,174      25,415,426.35         10        153
     265           9         174           2          0          2          91     4,473      21,974,363.46          7         83
     266           7         147           0          0          0         175     9,010      32,590,636.33          7        -28
     267           2         112           1          1          0         118     3,754      17,387,608.36          1         -6
     268           7         283           1          0          1         192     9,221      23,144,714.59          6         91
     269           2          72           0          0          0         128     1,692       7,590,961.97          2        -56
     270          14         305           4          3          1         268     9,213      33,023,896.76         10         37
     273           2          52           1          1          0         189     7,170      22,797,377.72          1       -137
     274           3          96           3          3          0         203     9,001      27,324,770.31          0       -107
     275          10         741           1          1          0         457    14,937      22,682,637.29          9        284
     276          11         216           0          0          0         115     6,320      25,198,371.40         11        101
     278           7         107           1          0          1         181     7,820      27,075,487.89          6        -74
     280           8         184           0          0          0         223     6,490      24,407,397.94          8        -39
     281           8         646           1          1          0         384    19,560      84,635,508.08          7        262
     282           8         321           1          1          0         166     6,914      12,969,596.80          7        155
     283           1         187           0          0          0         177    11,215      48,293,700.86          1         10
     284           4         104           1          1          0         144     4,105      10,729,155.04          3        -40
     285           3          68           0          0          0         110     3,986      20,563,728.36          3        -42
     286          14         318           2          0          2         250    11,656      58,848,918.30         12         68
     287           2         127           0          0          0         132     5,218      19,796,655.41          2         -5
     288           2          65           0          0          0          93     3,803      18,163,495.95          2        -28
     289           3         122           1          1          0         157     6,710      34,762,306.45          2        -35
     290           5         148           0          0          0         106     6,249      19,260,946.96          5         42
     291           6          76           1          0          1          58     2,128       8,363,037.47          5         18
     292           2          60           1          1          0          60     2,734      18,596,673.90          1          0
     293          10         288           0          0          0          97     3,073       8,396,177.31         10        191
     294           0          65           0          0          0          78     1,915       8,626,920.70          0        -13
     295           3          50           0          0          0          63     2,822      15,917,113.35          3        -13
     296           0          51           2          2          0          40     1,175       3,846,286.84         -2         11
     701          14         409           0          0          0         232     7,709      23,090,672.90         14        177
     702          16         554           2          2          0         340     9,906      25,942,823.88         14        214
     703          45         678           4          3          1         333    13,243      32,509,676.66         41        345
     704          34         603           1          1          0         220    13,098      35,165,681.96         33        383
   TOTAL       2,012      53,516         275        135        140      52,157 2,232,336  10,039,675,650.83      1,737      1,359
